3 63 421 742 663 188 236 56 826 544 528 429 75 415 642 581 902 143 202 273 846 178 707 584 759 322 310 627 130 221 186 523 890 361 659 201 488 554 56 534 946 393 58 636 473 607 665 117 26 66 97 178 13 175 437 167 301 73 634 893 495 688 840 712 30 238 460 618 494 654 513 815 912 934 209 139 822 887 806 433 224 202 54 406 981 837 487 668 285 55 511 827 639 16 703 429 247 180 248 681 
203 513 959 108 829 119 925 370 19 152 730 122 534 856 195 251 984 895 562 329 953 812 429 85 555 188 249 684 565 236 840 831 789 331 520 683 2 387 543 209 384 473 412 681 501 51 336 762 140 251 212 221 976 449 340 307 355 365 725 620 47 709 283 954 549 179 870 414 4 435 862 521 53 332 909 900 941 836 451 668 386 913 536 784 65 558 357 46 735 42 228 214 958 927 249 388 131 538 529 3 
918 518 74 80 818 310 587 637 869 355 446 911 314 66 171 755 133 522 55 836 46 964 628 504 602 12 875 451 303 527 255 524 23 917 68 415 54 169 824 651 807 167 689 421 635 302 71 236 900 750 403 662 226 907 343 899 715 570 224 145 184 443 194 808 406 400 427 271 794 845 611 997 9 697 170 805 183 852 731 860 982 905 295 261 865 894 637 103 609 1 288 685 320 221 497 358 588 294 664 534 
886 145 181 29 772 88 347 654 372 821 959 163 338 444 93 279 372 53 781 188 492 498 452 807 533 670 93 976 361 183 681 918 834 750 381 770 56 45 603 10 507 488 644 746 362 78 317 350 811 153 895 291 379 972 99 854 840 6 293 525 485 909 848 973 262 516 67 772 629 759 19 128 780 542 681 271 180 80 645 321 597 370 107 914 255 433 469 228 609 852 881 237 991 637 692 541 377 706 175 419 
458 983 66 480 967 542 814 772 193 441 223 719 36 287 626 859 376 606 802 240 23 9 490 176 881 490 206 677 45 992 954 463 785 188 912 986 963 457 796 343 537 483 354 826 246 129 971 292 430 13 963 418 692 612 830 238 425 913 541 580 712 383 659 720 816 943 653 782 322 894 226 146 851 475 271 601 540 760 206 679 144 198 511 506 574 742 855 151 96 845 241 740 715 599 163 606 32 768 850 220 
410 407 248 244 977 555 901 988 278 987 707 387 216 961 703 465 750 350 365 476 638 548 851 788 510 999 577 602 113 510 918 868 716 881 551 228 25 579 100 379 707 186 627 544 380 893 722 701 652 333 703 371 299 238 538 876 904 48 397 554 778 506 42 743 919 614 366 60 844 659 884 382 733 446 734 413 805 378 144 607 832 922 525 829 526 693 166 68 827 154 359 375 717 651 492 75 213 614 5 995 
786 465 966 53 74 495 266 324 163 521 777 487 729 294 31 907 40 478 295 412 557 363 280 810 816 562 543 313 980 456 324 425 939 928 217 664 339 932 849 204 397 754 822 934 368 497 734 795 297 883 646 941 799 366 519 969 308 414 392 586 422 661 492 270 126 766 974 471 256 534 114 45 189 996 174 914 429 754 689 215 257 292 634 597 305 257 748 494 321 408 97 540 929 389 220 122 908 956 964 410 
673 716 6 207 417 960 657 685 176 162 264 21 80 41 835 77 250 5 184 159 254 767 249 737 406 439 533 565 349 265 379 402 789 535 779 114 2 613 24 645 761 224 140 367 734 25 754 989 628 753 890 574 549 741 528 719 484 19 998 319 17 181 571 813 926 687 3 23 600 716 954 948 688 853 308 4 618 932 358 230 85 286 170 642 308 63 78 712 309 211 495 937 680 290 589 461 522 43 22 788 
67 284 55 961 580 601 768 515 173 403 776 70 622 795 408 402 676 31 508 459 983 804 216 33 914 661 104 912 674 347 259 330 66 126 632 732 950 659 368 854 271 942 526 71 359 113 837 960 533 965 50 848 659 929 130 360 958 625 556 648 758 288 682 706 462 306 147 292 662 859 269 268 592 772 130 167 536 943 929 251 495 440 398 287 145 119 820 967 861 68 10 131 109 890 339 498 88 679 995 891 
164 978 406 837 783 142 499 352 744 934 234 43 913 57 410 95 369 89 110 964 871 134 689 811 881 352 287 892 582 357 261 688 96 664 28 777 694 323 706 761 464 606 386 704 645 976 637 578 74 189 137 601 508 992 817 47 576 51 429 206 552 478 195 131 145 436 926 600 747 148 286 514 528 886 256 434 49 76 792 256 197 643 652 188 260 66 242 719 123 467 445 754 40 735 276 812 656 991 740 882 
31 936 703 178 888 111 100 266 686 29 49 95 723 852 879 639 118 339 509 850 266 487 328 287 428 779 73 307 325 432 118 104 674 264 582 539 616 720 183 62 156 300 747 48 57 856 659 161 579 52 321 218 404 175 380 548 533 352 152 945 968 504 789 272 539 804 705 132 904 866 80 287 26 609 611 979 426 334 606 330 875 700 615 814 523 236 220 187 139 918 11 428 753 823 256 763 692 411 627 869 
63 804 912 237 602 467 371 40 477 143 651 322 438 572 950 78 725 478 237 915 838 270 538 749 503 180 871 18 235 270 217 951 526 199 109 273 458 875 146 760 673 242 263 376 508 980 582 667 3 420 905 276 422 152 315 581 860 775 763 75 9 588 349 256 309 354 953 121 603 393 216 417 367 304 996 798 756 259 231 915 469 687 239 646 418 635 393 42 654 681 371 808 822 62 286 881 84 518 196 575 
621 836 94 277 31 569 177 260 664 769 242 679 587 78 568 233 396 816 441 238 230 378 679 919 754 947 524 370 875 275 972 258 760 44 915 282 489 988 447 32 910 128 422 727 404 34 762 845 354 278 828 487 891 986 984 946 852 524 184 484 57 384 659 929 307 114 47 594 221 385 524 683 143 741 275 812 930 867 776 890 333 398 387 23 527 799 661 24 670 560 313 965 431 14 248 342 287 470 483 820 
522 993 906 149 818 42 930 132 683 832 567 73 572 343 342 597 376 756 94 120 494 616 959 238 77 972 972 688 692 487 446 551 346 684 401 662 825 719 978 105 376 289 945 464 353 770 611 408 567 895 748 804 117 44 27 712 267 475 910 919 786 638 320 597 227 737 128 591 322 252 707 361 305 543 493 200 154 895 44 570 348 968 166 171 67 683 116 242 857 611 686 123 569 114 649 445 358 305 751 366 
975 376 566 982 885 770 643 18 960 653 416 482 551 832 132 221 839 702 522 131 823 875 5 916 241 132 674 567 514 483 246 485 646 619 162 799 654 17 68 484 27 76 664 688 896 519 46 18 971 452 470 437 260 939 809 50 809 467 330 651 361 240 134 578 239 534 335 787 266 45 287 768 811 918 187 252 758 700 85 458 197 918 111 127 385 348 661 877 250 152 946 65 913 184 14 39 628 161 550 676 
730 718 364 101 272 720 313 382 562 688 968 501 526 268 525 921 534 286 662 509 740 475 81 161 75 330 262 931 651 867 734 177 478 539 444 314 873 285 762 38 389 434 264 476 934 997 953 219 627 880 926 962 263 515 919 275 335 103 566 613 958 509 975 146 453 956 678 305 815 971 719 165 436 67 547 773 900 89 97 405 239 595 180 316 771 377 108 887 69 566 695 743 859 198 57 959 329 522 298 337 
802 626 295 617 258 355 475 153 410 321 824 311 68 70 696 252 415 188 457 766 541 424 424 648 475 143 693 672 592 197 80 738 506 891 762 235 526 937 248 673 414 261 923 985 160 890 755 744 156 333 237 590 830 20 378 416 125 968 522 325 315 884 881 436 335 662 89 308 799 398 608 523 369 196 884 923 916 439 716 906 154 987 344 257 673 643 956 271 635 928 345 638 994 56 100 423 504 394 171 106 
454 425 917 657 467 743 354 373 624 348 787 376 841 351 675 877 694 452 638 733 331 231 424 84 709 896 914 291 126 264 65 351 59 650 239 929 172 5 909 727 923 354 185 468 849 881 981 548 797 712 680 690 278 646 186 45 195 461 578 232 889 7 289 209 230 43 788 261 379 647 590 666 111 64 669 484 849 56 246 44 614 935 419 94 276 429 212 658 6 215 428 270 913 152 525 602 238 282 22 404 
562 53 60 244 298 31 847 866 714 916 615 359 56 664 734 266 861 395 320 508 580 261 40 726 358 946 380 361 709 919 476 941 87 934 983 807 485 678 336 653 589 991 927 700 692 692 50 52 72 617 949 857 246 111 839 54 583 198 391 533 153 147 231 58 899 722 880 377 560 838 598 413 583 830 414 491 210 914 869 205 455 191 3 259 916 918 328 775 222 972 789 688 899 566 446 770 374 179 502 660 
995 750 876 618 851 780 5 371 650 867 473 6 520 236 314 641 157 242 251 242 641 891 966 769 466 415 57 157 927 550 761 878 381 295 719 36 208 439 858 430 940 726 222 101 52 664 875 682 587 514 433 637 177 532 11 240 424 110 313 667 176 878 498 169 967 225 993 267 277 431 224 203 592 380 18 740 267 108 374 280 780 111 545 514 206 566 170 781 996 173 772 812 7 457 248 420 817 235 873 511 
419 941 116 210 5 53 311 697 188 528 425 778 129 513 499 719 303 154 390 216 525 297 540 704 45 607 707 199 651 894 312 568 194 105 408 187 700 376 861 654 809 139 574 736 610 375 56 470 550 479 540 657 940 589 33 288 650 209 500 290 541 177 572 302 202 154 203 551 549 389 506 586 624 950 292 162 390 993 751 46 529 750 422 129 825 791 746 106 149 94 177 693 911 701 999 642 243 808 997 468 
80 310 96 301 562 688 980 48 687 72 200 327 793 966 763 638 347 519 415 231 680 960 525 624 72 489 713 418 388 45 751 19 636 688 326 975 895 642 733 66 907 420 563 257 166 384 219 409 564 566 392 640 809 684 181 747 457 438 912 223 446 166 816 805 451 790 901 80 791 891 39 640 739 324 313 148 439 284 375 347 650 364 38 603 377 245 19 942 850 387 574 554 729 198 776 568 643 214 140 456 
993 772 82 642 63 641 929 376 910 737 510 338 134 520 328 530 192 336 534 305 155 281 523 433 749 955 840 574 149 272 371 775 142 109 279 856 575 402 276 149 377 536 64 488 664 747 478 819 566 216 222 917 164 240 821 254 290 45 679 765 97 149 234 541 223 53 901 355 626 584 225 275 609 336 174 347 8 164 553 312 82 395 972 0 252 791 150 240 407 565 893 71 662 901 682 554 649 245 916 353 
386 499 192 162 110 210 135 685 821 68 392 376 526 409 831 299 684 567 966 447 822 171 475 330 910 759 210 286 575 116 757 588 213 866 673 746 656 93 171 716 577 626 915 210 184 587 79 7 844 143 267 530 829 774 416 136 791 363 162 201 424 355 15 706 284 581 709 868 758 410 739 642 938 415 818 384 849 745 621 530 468 968 135 443 925 543 564 296 610 459 355 668 355 209 210 341 127 181 419 430 
665 841 382 878 849 651 878 529 48 490 824 190 412 898 961 273 341 205 0 66 791 269 756 117 265 415 255 571 925 74 163 401 594 857 180 752 678 725 182 109 279 223 216 594 652 428 146 404 47 977 963 150 110 817 806 814 554 733 829 462 216 611 918 582 798 955 533 344 912 902 827 188 76 831 790 493 51 230 937 588 49 867 853 236 230 840 791 853 822 714 468 525 422 249 203 908 736 422 378 718 
393 85 756 430 945 763 697 161 58 81 126 641 324 674 534 692 937 713 545 164 477 399 405 488 784 388 82 610 135 267 506 82 543 355 689 795 356 954 481 781 9 933 49 211 48 918 799 406 597 453 211 42 358 923 567 758 198 763 164 522 458 593 406 396 979 663 194 844 53 901 686 521 360 145 355 315 437 216 831 642 235 716 478 78 578 375 810 497 679 822 136 539 370 457 492 836 365 906 616 503 
286 588 481 997 150 718 3 263 211 136 279 952 459 565 577 234 753 634 382 312 597 118 462 925 343 474 646 27 253 315 74 997 502 790 729 809 77 755 729 736 521 805 717 801 764 705 588 533 467 605 532 259 438 147 686 239 817 285 140 39 850 299 304 151 188 308 991 237 187 841 118 479 328 608 651 403 535 15 368 599 40 751 363 379 811 740 665 179 200 786 941 697 413 442 51 619 265 965 986 545 
881 664 529 834 792 256 745 887 973 248 547 120 832 25 444 158 676 674 262 504 171 432 177 506 390 199 370 659 229 842 130 213 983 783 866 211 577 414 357 134 932 564 376 152 634 867 37 765 417 364 422 38 148 168 440 416 277 899 397 589 472 810 231 402 596 703 882 384 83 538 777 470 621 762 340 815 511 580 568 656 697 635 936 206 745 961 715 365 226 581 45 99 193 534 98 254 18 567 104 963 
981 643 221 905 599 282 545 61 31 421 389 664 606 183 836 798 154 572 680 272 509 622 537 940 329 397 394 898 359 391 604 851 377 234 831 734 84 741 102 443 962 437 10 139 350 111 234 135 1 784 482 200 981 341 409 695 553 345 247 607 156 369 767 320 949 838 681 861 642 395 971 111 879 701 945 115 722 931 555 673 645 638 118 735 923 931 510 14 735 343 714 172 993 99 56 241 42 776 306 13 
194 139 353 514 24 308 794 838 170 796 766 165 485 198 822 140 663 992 230 216 323 617 546 832 878 517 711 552 271 623 867 528 12 278 831 469 211 147 155 542 957 266 147 497 354 319 521 663 953 763 740 845 431 183 655 277 634 40 284 20 526 748 219 493 560 988 229 854 921 594 22 906 773 540 523 87 892 114 768 0 129 893 821 117 441 80 114 410 278 420 640 13 125 774 682 748 581 388 452 151 
906 584 851 289 888 227 29 485 171 486 578 63 414 437 267 544 242 837 458 350 106 352 186 732 430 118 968 277 476 702 715 439 189 541 720 805 463 807 113 773 534 596 895 444 385 324 181 239 459 310 383 667 606 636 643 439 535 684 486 816 766 331 546 93 764 451 943 13 474 935 536 702 831 395 591 255 506 657 748 376 449 842 281 912 314 18 41 767 504 703 571 549 89 315 482 859 589 15 991 689 
88 675 65 15 876 556 699 520 57 413 926 732 311 801 473 317 958 112 191 180 907 360 720 109 205 333 906 312 897 36 265 289 523 196 316 362 990 615 714 248 510 744 221 451 643 580 438 866 313 174 978 207 814 934 659 878 460 242 746 92 424 32 859 21 417 610 217 686 229 59 293 893 384 905 753 206 783 131 585 455 580 869 604 742 35 194 975 385 84 1 242 207 105 547 264 541 995 132 705 299 
384 400 18 128 625 632 112 35 569 357 553 500 7 36 44 979 112 931 249 447 198 515 179 729 150 686 429 185 601 691 563 809 521 479 403 842 991 462 276 812 578 259 838 562 802 620 354 476 325 962 691 790 506 791 884 330 269 809 468 810 467 782 352 960 670 624 656 369 667 643 461 239 353 556 936 951 453 741 135 859 228 126 740 360 368 550 766 514 375 763 956 182 408 614 479 792 832 418 911 31 
884 294 729 390 480 297 200 196 871 390 530 118 572 521 460 84 192 80 776 849 652 725 93 54 898 35 592 946 815 238 698 595 300 480 922 96 741 482 213 274 321 504 763 543 380 336 147 569 345 148 410 271 788 358 80 395 223 996 955 892 859 252 776 44 921 833 727 861 657 438 255 839 419 122 602 789 181 181 490 641 477 91 476 781 671 119 972 83 328 161 609 935 475 883 298 44 108 696 305 484 
556 517 463 837 901 229 592 576 703 760 873 107 426 956 863 977 460 487 289 288 45 531 369 748 913 811 879 242 109 53 967 63 198 561 204 586 623 377 124 992 178 800 838 991 81 896 698 292 820 199 248 321 253 818 435 297 155 277 759 38 524 761 265 365 79 199 542 928 97 365 135 885 877 518 163 461 753 774 493 991 383 15 224 245 258 69 712 152 690 9 179 208 73 852 63 686 734 858 934 382 
650 329 104 543 506 154 479 741 340 255 769 168 285 486 753 806 482 509 255 711 973 526 769 816 595 229 74 922 668 448 763 451 731 814 55 782 39 507 419 199 624 251 589 521 630 188 372 499 166 538 360 208 502 373 324 606 52 973 17 34 353 673 645 89 676 772 92 482 421 633 237 187 974 9 97 809 793 955 703 500 206 659 636 9 203 117 865 2 754 803 925 116 533 30 284 695 709 562 864 659 
635 845 656 505 414 954 518 160 887 408 605 201 849 552 538 476 46 583 42 948 669 80 909 793 456 735 921 653 101 649 330 394 99 15 321 937 320 381 547 765 528 662 627 210 1 538 762 640 197 155 966 69 583 804 857 593 337 99 883 795 318 208 226 597 267 734 42 715 188 763 32 650 764 387 947 583 612 809 621 829 632 704 909 435 935 382 969 805 130 386 499 169 638 520 137 13 333 155 554 520 
97 211 293 670 219 279 972 360 827 268 433 971 993 894 608 871 748 398 758 851 289 190 720 40 230 505 654 755 687 222 57 14 552 478 35 817 716 291 270 261 838 156 601 58 959 646 958 346 703 310 47 221 7 588 962 118 150 26 218 461 762 598 144 311 409 491 665 843 49 631 570 990 261 888 66 682 945 672 247 114 64 443 204 769 747 455 569 564 501 820 811 677 957 275 102 737 340 283 512 404 
816 66 295 468 527 289 854 267 104 939 764 345 983 72 142 649 175 685 46 58 349 30 427 242 946 734 915 838 441 62 374 685 282 388 334 61 494 54 996 605 324 976 420 190 963 107 83 612 457 430 592 425 804 904 441 59 831 479 960 837 159 443 366 236 518 647 429 355 832 57 604 17 996 31 823 248 398 100 334 10 34 403 567 471 867 404 238 938 525 805 76 709 63 915 445 210 798 377 94 380 
102 271 871 189 18 911 278 569 262 476 204 490 314 36 564 990 426 360 745 446 140 33 495 880 73 373 117 55 664 978 929 154 752 154 764 410 716 448 16 184 188 370 855 606 673 320 30 452 185 244 202 55 292 738 449 453 229 890 125 588 629 35 532 371 45 962 27 33 995 731 661 341 392 256 222 437 759 272 413 547 271 169 697 765 868 753 259 52 459 873 365 455 477 227 897 713 671 430 21 8 
959 872 301 968 977 779 554 895 491 163 18 946 397 191 559 944 190 5 244 213 43 211 206 370 424 188 711 843 900 631 881 585 680 774 953 745 169 229 178 796 454 58 148 769 395 469 731 792 848 375 885 456 612 360 399 644 262 107 591 569 125 581 287 915 270 598 792 264 774 70 430 949 40 44 499 815 985 339 398 109 707 767 53 749 455 487 400 188 214 970 80 218 858 166 0 445 40 527 459 637 
257 870 494 832 841 698 695 638 239 11 591 992 831 180 620 276 676 864 585 980 242 17 650 568 498 453 787 689 343 538 753 120 434 140 331 454 257 388 825 5 813 98 654 903 787 799 314 438 803 172 35 595 112 512 702 74 263 376 800 294 499 863 866 489 240 496 212 423 583 809 832 364 554 627 707 371 881 903 864 81 947 35 446 441 256 205 562 944 23 512 896 204 28 757 758 201 965 731 721 948 
924 842 197 380 127 260 951 61 455 493 621 38 574 645 288 758 916 947 256 835 539 380 81 963 258 500 478 926 551 277 987 835 889 694 719 931 548 837 593 395 518 360 401 822 802 672 347 618 763 536 968 849 619 837 606 715 252 398 305 786 759 741 449 422 515 830 966 114 257 535 225 703 118 89 413 927 104 127 486 693 508 868 577 307 263 450 796 668 507 544 447 651 237 68 859 179 117 737 130 241 
742 242 912 839 38 520 96 67 536 960 810 719 832 25 355 745 54 892 293 398 560 293 273 307 521 913 514 644 278 464 868 841 682 949 565 797 568 748 282 400 345 459 573 800 919 180 574 684 162 242 744 9 448 250 846 288 730 37 253 720 781 11 227 352 574 593 408 632 962 429 732 536 61 394 737 104 921 536 363 786 177 757 181 741 182 586 390 812 642 143 996 839 683 705 487 735 34 445 441 999 
981 477 669 66 402 634 878 400 29 242 313 5 44 29 109 667 737 723 825 310 615 272 208 336 240 130 553 399 566 490 745 84 121 57 709 798 137 926 114 518 637 549 712 203 291 129 647 153 896 341 0 198 130 176 895 309 748 895 792 663 794 584 944 742 614 900 164 451 226 723 344 123 639 959 9 462 101 466 691 473 644 913 691 340 555 710 380 525 471 400 500 134 158 454 204 125 731 988 43 267 
677 588 77 16 668 464 579 845 780 623 450 657 933 703 600 280 609 906 292 512 176 764 134 334 289 772 775 449 410 329 978 933 921 487 298 524 860 385 958 631 446 825 675 643 755 230 361 314 366 670 577 166 600 204 845 998 636 83 448 530 393 420 599 817 976 28 144 342 854 530 914 246 876 935 430 893 837 503 301 954 320 79 186 984 751 656 481 78 535 571 791 553 393 853 932 272 208 996 455 0 
492 498 608 401 734 226 92 9 877 625 140 392 248 88 687 756 373 847 514 510 674 363 221 996 90 939 928 96 642 47 685 89 652 378 128 256 499 146 348 886 73 653 831 36 118 591 425 179 178 529 417 374 860 924 929 940 203 14 467 842 422 244 836 568 415 817 256 883 309 478 662 20 362 203 717 510 482 820 287 941 381 479 285 38 559 661 188 65 422 976 894 974 507 60 219 231 133 720 474 874 
650 719 579 275 184 682 71 423 779 184 242 403 471 729 679 550 281 623 44 116 401 206 944 941 515 838 691 933 662 551 117 733 131 468 186 275 714 218 859 293 266 267 264 219 136 870 317 406 963 498 627 667 605 115 281 869 180 331 883 362 289 725 289 716 712 734 115 316 866 269 747 162 392 756 715 879 336 983 618 318 125 613 841 896 162 669 34 408 359 235 43 342 111 754 487 760 9 700 78 222 
54 8 23 212 418 516 427 701 999 171 387 982 174 704 436 346 239 324 722 884 724 813 195 225 424 871 366 15 453 423 564 417 199 710 205 917 499 50 846 143 557 867 434 543 872 685 406 320 974 329 329 307 138 41 140 964 796 100 815 386 902 598 140 925 421 596 975 891 370 503 430 420 945 687 654 823 865 801 126 28 541 420 0 435 283 768 757 877 763 24 576 922 26 98 918 834 880 685 941 736 
190 194 714 652 68 110 711 400 154 15 213 973 549 660 806 478 725 482 7 349 365 948 395 189 386 667 323 601 167 783 405 35 936 316 315 487 102 801 662 296 91 389 130 259 878 602 747 859 385 614 856 829 377 200 408 669 430 992 554 744 452 490 833 52 472 469 88 708 423 287 722 753 684 395 349 590 144 589 520 450 303 933 122 131 312 435 677 593 421 330 660 848 565 359 616 267 782 892 737 397 
214 816 803 457 524 450 191 734 467 454 980 107 407 383 629 905 722 261 732 640 49 416 463 634 379 270 843 144 970 234 278 1 557 662 746 546 324 538 750 291 934 357 679 366 744 82 47 861 823 383 492 172 816 323 101 117 733 894 761 59 723 550 504 33 874 119 853 675 685 122 973 229 906 945 329 747 179 257 826 81 639 225 574 300 651 834 21 144 973 624 82 908 922 769 286 371 22 275 55 412 
556 234 41 580 711 122 107 986 233 306 726 707 161 2 753 584 530 70 448 469 177 644 910 267 959 994 273 424 593 243 741 773 12 620 988 440 413 353 580 731 312 270 817 717 350 955 37 32 621 95 453 835 931 928 814 928 954 434 960 736 219 391 233 758 244 661 157 41 115 126 13 686 640 828 485 686 438 347 290 636 139 844 884 121 785 943 985 131 307 776 851 916 731 110 242 351 795 848 900 912 
355 184 364 396 99 69 889 22 161 699 377 836 725 662 902 41 563 479 615 333 73 510 530 402 234 816 481 216 98 611 186 179 939 296 755 227 919 488 502 965 223 323 553 288 603 532 210 906 59 49 521 740 430 833 126 771 32 719 516 233 705 254 990 804 180 485 466 924 453 222 643 587 63 322 235 96 349 847 592 92 567 724 982 937 136 355 846 592 469 280 150 498 752 26 600 345 358 104 239 752 
173 278 640 328 627 288 70 580 963 406 608 39 889 832 206 565 376 20 906 872 857 758 340 788 31 743 385 428 257 225 748 886 903 609 365 156 361 838 98 277 29 882 899 324 23 959 794 175 917 483 139 610 243 895 976 165 917 700 488 44 164 711 825 21 587 39 307 175 682 148 55 705 714 122 648 353 10 479 809 998 113 505 615 712 181 995 873 70 443 298 133 480 568 219 996 999 824 31 193 553 
510 881 606 530 611 847 816 63 89 328 11 788 506 790 257 145 725 851 775 696 226 344 321 626 229 892 719 179 32 226 599 59 268 726 574 702 896 953 977 526 310 395 553 744 689 377 758 941 132 815 891 449 999 519 362 969 179 667 609 832 281 671 110 523 117 931 247 87 633 207 717 415 383 895 514 746 678 250 664 499 466 262 52 187 621 214 651 829 882 271 979 216 228 983 693 379 954 462 306 763 
237 786 700 928 293 534 438 657 305 802 294 53 454 289 322 981 603 158 121 590 842 921 836 802 648 25 788 889 641 618 894 564 246 41 596 403 296 573 29 791 290 297 745 898 402 87 389 350 504 23 486 772 530 624 580 278 743 766 916 919 82 413 315 465 546 661 695 238 848 534 152 211 472 638 728 163 508 801 174 800 541 352 537 655 387 645 75 780 991 814 444 395 383 424 569 962 682 45 61 667 
677 425 902 894 581 138 963 110 317 670 757 514 818 562 379 423 429 576 346 892 297 416 980 847 686 18 49 462 782 466 300 289 478 350 768 30 927 284 250 300 37 887 376 428 255 548 658 324 568 960 344 183 917 764 981 866 337 516 378 895 862 836 102 999 452 364 397 564 942 437 934 357 915 972 737 158 195 775 800 439 756 902 718 435 995 924 446 180 950 333 805 100 521 474 698 63 303 851 437 584 
948 365 134 810 401 932 703 304 32 650 613 910 448 529 42 345 491 597 919 44 574 606 577 365 16 341 865 40 703 684 624 467 616 939 354 713 981 104 67 378 348 454 607 250 69 994 54 897 788 130 257 852 600 798 798 267 955 572 690 858 596 759 695 499 505 279 571 723 576 7 547 644 544 875 680 572 779 472 186 220 855 809 626 523 550 94 804 756 298 176 805 277 125 299 545 417 224 539 840 97 
682 258 329 350 908 8 736 515 10 628 29 192 780 26 741 881 286 238 324 537 661 568 690 657 475 713 998 710 109 348 65 154 459 728 221 657 79 357 525 622 394 453 406 375 539 582 623 279 105 461 549 530 476 37 66 654 30 272 39 313 776 981 391 581 338 314 494 707 587 532 41 967 602 661 0 312 692 453 842 667 807 556 63 104 598 814 268 525 446 433 115 609 728 43 809 364 257 400 116 93 
310 82 892 989 276 57 720 762 686 950 277 134 696 338 683 841 932 4 409 892 347 747 834 200 359 393 87 854 886 697 679 392 249 434 228 191 790 403 408 167 858 866 888 528 43 112 848 775 574 119 375 676 396 23 733 901 179 685 74 467 866 173 8 858 524 418 979 447 25 251 528 950 593 96 876 834 394 973 230 920 436 542 904 398 923 557 42 511 517 287 160 986 109 285 318 733 375 274 384 692 
828 944 310 983 232 409 56 98 259 810 126 742 317 370 276 944 62 204 156 976 357 440 284 493 494 817 57 472 393 115 764 462 89 851 612 890 402 516 20 970 655 999 295 384 371 498 81 964 918 844 392 759 338 560 227 667 175 40 297 978 59 461 214 589 662 596 449 439 918 770 441 160 102 707 425 277 636 71 689 776 99 615 536 772 614 398 247 557 270 251 807 605 974 7 910 41 604 826 838 150 
643 162 998 750 87 895 133 999 505 568 548 462 180 674 763 143 63 187 983 969 404 538 51 688 551 321 572 850 547 213 649 759 634 326 987 882 604 10 962 341 722 646 648 4 243 976 946 681 382 263 851 384 937 12 419 11 169 381 465 649 787 222 220 450 227 299 945 302 147 61 384 847 455 601 295 684 638 959 883 176 851 600 580 578 732 273 697 574 715 32 164 364 660 341 583 87 718 531 487 817 
413 543 799 741 687 368 104 845 150 391 304 405 941 585 905 160 623 482 900 361 36 69 557 60 469 777 929 823 682 110 77 67 138 977 536 463 755 292 700 735 603 761 97 56 174 8 947 568 944 823 437 500 261 154 77 98 23 835 610 952 121 763 187 828 26 210 618 901 187 356 90 130 788 349 148 570 492 302 64 843 536 967 178 175 478 591 699 204 634 307 442 523 153 627 834 172 52 275 230 695 
791 721 754 406 771 458 667 65 424 306 466 858 975 147 389 179 823 93 15 940 814 240 170 729 715 478 113 3 626 68 482 630 567 418 788 307 814 953 398 879 850 500 137 316 805 851 30 590 552 780 322 392 883 242 697 816 167 499 433 825 194 972 185 544 331 120 65 105 222 649 939 98 74 774 603 520 609 357 756 169 344 411 67 90 824 946 855 178 452 282 745 206 941 92 840 886 786 674 536 208 
731 691 356 724 447 886 10 608 173 436 383 661 696 155 938 553 431 704 173 958 636 293 777 850 786 163 577 625 757 569 394 89 885 478 409 972 515 772 973 11 551 646 887 720 457 51 704 437 694 195 106 443 669 401 873 758 155 338 987 175 420 165 981 50 427 667 712 810 100 9 493 65 768 108 477 756 664 316 444 461 646 356 38 979 88 888 386 760 670 96 358 938 71 765 347 996 838 242 419 349 
219 813 809 402 583 893 520 391 408 805 14 947 982 378 281 285 317 674 979 290 764 710 138 993 893 778 692 896 871 138 1 991 240 807 241 717 798 402 8 699 896 15 118 814 976 782 308 833 668 855 628 378 301 172 936 867 424 555 918 84 12 851 467 279 346 23 189 845 411 290 469 431 759 618 701 278 98 39 286 311 36 862 854 354 417 801 824 842 318 553 83 730 485 671 912 741 915 367 62 679 
160 238 752 90 446 621 90 156 789 950 848 855 671 71 256 680 752 637 800 645 584 403 483 529 252 139 664 657 369 916 347 948 51 181 705 398 293 513 622 862 297 803 249 817 243 35 210 350 145 514 258 684 118 378 492 848 7 290 211 452 557 393 845 212 61 384 102 986 220 117 175 645 70 677 441 997 241 874 173 259 477 589 821 887 168 390 32 585 951 482 738 300 911 388 898 631 437 295 113 774 
570 202 712 353 524 677 840 180 41 419 375 831 597 209 506 326 637 758 334 235 556 331 588 58 751 437 397 430 397 993 601 290 273 639 734 363 882 162 487 596 906 375 131 89 86 44 24 593 710 211 943 894 726 710 569 102 980 181 75 967 891 974 126 886 607 709 827 721 569 53 653 158 918 621 526 427 35 790 247 960 299 116 178 722 405 283 346 953 159 436 142 364 376 600 409 523 509 636 814 469 
978 757 2 299 579 910 498 532 267 632 511 147 596 482 439 479 504 737 118 881 201 425 957 875 580 948 97 447 499 747 903 317 306 707 895 897 442 634 758 692 109 82 313 858 217 956 670 989 441 17 173 840 367 477 120 358 895 125 303 587 984 10 311 275 956 127 619 978 19 360 563 796 858 603 308 782 594 131 896 212 598 858 264 532 812 631 543 963 288 25 761 319 726 339 564 413 63 264 390 388 
101 528 247 794 82 756 616 749 814 702 148 404 632 253 70 343 39 496 219 444 928 568 674 4 603 515 505 173 34 390 121 817 138 523 692 471 317 820 750 113 318 774 307 653 702 985 735 104 439 927 684 384 488 699 935 448 384 197 515 594 478 267 347 776 464 65 322 747 602 636 221 904 666 859 795 648 402 95 260 166 989 581 248 735 838 618 601 677 189 214 524 12 43 212 372 153 232 817 640 303 
715 299 629 140 538 340 815 907 130 415 644 27 321 826 841 977 426 316 121 161 490 345 307 595 345 572 356 820 18 316 694 721 702 162 343 283 733 314 644 552 487 800 511 934 651 901 630 726 134 42 943 126 878 164 417 415 735 945 156 400 446 273 308 115 44 905 818 247 405 444 876 765 577 595 717 583 83 455 632 662 576 67 137 707 602 959 949 304 70 955 91 431 331 273 155 499 261 159 510 927 
592 107 645 332 8 703 511 886 840 543 406 65 642 224 9 24 495 428 79 230 711 19 874 665 538 308 450 651 608 116 804 667 687 782 634 867 123 285 836 435 731 326 288 279 722 832 486 412 738 368 759 689 448 577 912 836 124 777 185 482 311 530 707 258 202 894 600 820 236 292 797 342 988 443 462 248 640 236 193 889 942 526 22 849 417 788 773 129 191 721 432 735 632 102 459 14 1 203 313 238 
697 165 729 400 891 335 657 748 30 804 985 222 762 747 443 871 652 676 257 944 499 51 576 220 500 99 460 622 371 412 925 233 291 671 56 79 144 921 376 156 723 695 806 859 509 58 910 585 223 451 21 129 930 160 544 112 419 575 39 290 881 634 58 517 610 67 738 604 802 458 971 910 54 94 600 233 616 889 856 584 940 646 952 749 178 471 809 883 92 306 219 675 291 852 954 633 446 97 592 416 
275 914 803 284 632 672 472 222 867 544 256 365 345 56 866 850 133 657 386 605 729 165 185 879 713 691 92 959 326 368 129 865 89 360 311 684 497 894 453 923 934 736 934 950 486 263 972 394 497 493 907 718 736 976 47 223 75 718 337 471 51 673 789 593 893 277 15 280 728 783 736 880 841 817 723 733 381 339 941 859 94 396 12 958 98 890 615 11 729 838 791 975 157 131 477 614 990 784 444 374 
143 84 743 622 195 82 534 937 317 917 373 407 406 958 118 661 463 547 393 460 146 898 408 344 148 119 488 466 734 410 437 872 524 333 756 123 797 396 591 617 317 117 29 877 727 410 256 764 751 613 507 304 615 387 148 818 32 36 814 364 131 91 682 205 160 89 823 808 264 102 127 431 374 618 132 396 11 625 235 497 154 542 551 193 80 433 586 470 88 539 608 507 79 401 876 709 611 472 78 86 
329 881 989 330 984 589 530 470 560 114 405 229 295 582 813 525 837 803 538 666 30 612 716 545 288 327 25 480 869 787 659 44 851 356 33 634 915 757 304 890 31 566 200 625 71 934 739 614 837 442 668 143 376 190 917 341 358 723 220 518 734 970 94 289 573 256 195 31 134 339 693 592 735 540 596 715 650 661 939 523 82 933 185 6 847 538 912 207 547 854 90 887 437 141 837 575 590 21 956 201 
115 343 865 264 802 5 111 829 632 781 485 995 226 733 608 117 667 175 103 671 157 391 45 715 251 746 578 637 351 426 107 264 832 568 916 810 782 105 579 429 425 635 375 296 814 241 233 478 795 878 49 245 918 415 572 730 184 492 860 963 192 656 753 100 998 534 639 46 44 319 144 277 100 521 771 65 974 194 436 688 696 214 239 889 140 645 471 260 676 337 460 185 801 838 773 726 828 90 217 308 
844 839 492 500 306 831 760 462 954 40 906 875 571 776 87 476 23 674 855 465 743 33 545 687 521 437 127 452 508 572 66 612 326 963 625 522 123 212 127 863 889 98 107 70 354 179 707 932 121 38 75 570 600 125 747 301 746 628 319 191 957 875 995 191 986 160 86 367 903 33 814 788 268 561 581 835 486 296 139 562 105 376 636 165 969 645 626 75 290 924 934 224 134 616 739 723 903 545 500 426 
734 526 0 813 931 564 650 97 142 791 582 191 534 504 512 140 536 416 135 273 90 549 795 125 200 738 499 874 582 636 266 389 671 106 946 122 374 884 249 616 4 351 700 553 553 647 297 749 494 519 689 607 898 294 342 304 819 674 865 754 343 57 96 312 44 285 454 724 909 168 787 984 950 921 549 370 194 133 823 82 306 594 865 5 121 199 328 535 158 648 895 461 162 377 14 545 915 65 411 233 
40 473 518 625 901 236 114 576 609 233 304 289 406 767 701 612 289 106 744 660 355 139 37 1 367 572 589 577 853 699 169 786 550 262 780 796 513 289 609 93 301 860 430 892 192 193 631 786 280 564 198 118 48 652 433 368 637 953 236 424 625 238 545 968 648 640 917 119 410 631 645 984 128 798 504 242 105 350 15 569 95 768 306 181 382 250 925 305 309 312 844 6 41 287 746 809 662 887 584 515 
719 767 987 64 368 6 607 987 553 903 675 983 854 547 301 184 469 486 512 467 536 779 915 4 875 177 140 327 736 386 517 505 73 65 869 135 886 316 130 911 680 843 365 38 29 608 655 65 693 703 123 960 891 656 267 0 641 26 328 985 437 930 996 439 72 844 450 676 130 505 9 94 366 955 693 652 747 597 918 127 405 966 381 407 769 655 724 644 121 978 301 694 919 254 846 39 588 985 51 615 
971 453 28 984 762 742 569 499 953 34 956 202 463 202 838 344 217 825 956 878 299 202 515 352 220 199 970 551 229 623 687 632 867 447 212 93 989 37 459 698 16 849 944 26 689 292 974 291 866 461 645 784 433 890 51 302 965 244 280 361 803 919 302 87 160 184 200 533 671 391 594 817 117 375 602 96 948 676 662 216 469 660 86 505 281 25 219 104 202 46 769 916 157 824 0 788 779 767 873 248 
936 917 367 640 331 54 427 42 304 49 5 304 202 998 816 784 805 312 494 766 27 901 275 263 108 547 582 63 308 173 725 246 112 983 329 167 849 38 762 561 92 132 36 953 289 386 986 431 235 782 273 280 959 280 113 516 744 320 775 385 682 786 262 672 798 748 960 614 982 815 728 718 618 436 409 780 841 681 756 621 540 956 886 854 103 224 976 618 121 398 772 744 423 397 836 196 100 628 436 645 
395 584 291 639 920 962 782 82 92 610 367 826 423 914 588 608 683 20 802 649 263 597 619 278 241 438 806 628 320 833 630 908 640 649 661 749 79 269 435 905 160 310 833 654 94 223 99 414 579 525 374 217 1 918 598 641 129 751 148 70 571 57 573 499 621 955 894 145 839 174 110 978 750 557 789 473 495 243 764 592 487 306 253 530 600 993 149 938 271 813 310 996 628 788 690 195 362 622 588 682 
287 516 481 14 454 302 336 323 75 359 390 447 223 36 77 164 829 405 174 954 667 747 124 940 77 75 403 522 238 177 657 351 409 161 612 172 216 833 196 772 482 211 482 961 26 26 265 759 725 763 203 224 973 847 663 272 468 685 530 457 282 21 324 442 227 994 565 59 867 919 864 757 172 230 398 336 185 301 78 20 299 3 227 963 660 513 615 727 322 179 47 961 879 961 822 842 502 929 494 269 
592 896 148 276 32 873 36 754 644 221 558 785 294 780 935 605 625 90 674 337 431 909 160 136 994 446 230 807 730 902 551 841 695 579 937 162 224 852 612 313 699 321 520 423 725 774 638 565 348 561 618 270 323 714 239 144 254 99 940 889 679 640 814 799 600 121 126 616 642 670 876 395 301 778 396 671 809 994 648 707 197 16 998 454 262 995 276 752 634 649 353 472 548 592 757 847 83 850 459 900 
687 87 670 762 684 175 627 863 802 400 134 343 123 20 215 489 15 639 797 783 461 0 483 76 347 534 547 905 807 733 689 112 495 656 65 693 806 969 732 401 160 279 262 1 736 944 443 735 87 95 652 439 488 231 589 749 514 497 281 109 790 610 415 178 401 185 294 916 140 559 775 516 842 408 827 425 226 633 405 456 718 299 456 207 515 759 540 907 298 769 749 579 934 802 13 628 319 505 52 606 
118 682 365 39 82 354 82 575 674 42 898 444 652 746 682 487 998 943 218 30 611 199 905 347 496 429 940 589 591 9 891 157 452 554 188 636 310 478 445 627 512 65 268 627 601 420 801 663 512 16 582 734 172 355 397 965 852 322 195 485 298 808 132 408 813 958 479 802 463 860 27 438 60 166 170 462 548 98 909 799 219 385 136 396 671 132 32 898 729 954 554 876 792 575 717 951 154 391 11 865 
749 907 868 614 757 290 804 307 446 812 566 711 165 99 929 294 298 683 314 824 745 668 409 850 929 238 520 59 83 452 874 753 807 515 401 676 860 485 683 284 520 921 493 895 287 78 856 6 446 416 675 176 634 217 393 863 764 516 109 218 96 150 467 226 855 605 289 665 50 206 862 183 959 738 337 831 105 185 821 474 547 762 708 299 717 528 985 971 858 617 747 365 273 900 503 876 3 657 124 531 
356 318 709 790 694 902 443 680 26 620 41 172 1 713 700 287 970 402 210 526 44 310 858 652 814 527 701 127 940 638 123 212 165 324 905 559 924 774 81 352 44 64 811 475 479 750 403 150 488 279 635 784 119 619 26 984 574 726 397 235 554 309 733 859 748 369 673 244 816 42 453 440 573 765 971 54 86 377 658 415 185 774 908 993 390 591 68 175 458 370 935 57 469 918 330 303 728 4 549 660 
275 881 151 985 614 683 138 183 734 889 839 521 627 376 917 306 360 299 423 259 794 203 740 279 580 808 915 362 82 958 613 759 477 259 533 545 751 112 774 965 535 839 181 126 271 516 703 937 340 606 995 482 262 144 779 422 753 507 255 835 210 295 258 789 566 402 281 594 760 831 122 336 873 570 377 637 389 195 545 471 843 865 617 846 661 986 100 607 354 872 974 434 560 22 188 598 189 91 843 819 
232 414 499 832 332 451 285 142 141 892 267 253 885 988 512 726 145 928 760 16 720 783 160 855 4 788 649 866 732 65 289 123 112 685 3 285 535 337 456 177 574 192 310 529 218 374 904 553 984 811 894 667 226 143 62 778 229 880 203 641 313 921 157 628 537 38 41 431 75 645 603 262 90 87 353 381 330 216 641 905 339 418 718 942 218 345 391 795 348 763 953 731 557 214 910 901 921 574 334 534 
280 47 901 133 439 976 924 184 748 497 268 341 722 870 457 291 238 572 252 250 289 4 315 616 824 54 405 262 336 735 912 226 982 6 918 206 494 900 96 681 665 690 489 869 765 231 646 993 408 569 443 935 868 348 18 72 210 809 729 175 744 905 585 436 748 475 918 650 782 538 716 682 81 826 238 481 451 668 437 696 510 800 695 91 789 178 565 940 850 641 362 624 455 340 9 226 652 733 862 543 
417 210 480 362 196 658 309 617 653 294 686 576 368 288 429 940 571 287 309 194 777 195 480 505 366 239 614 726 500 781 101 718 861 950 628 961 250 265 261 933 363 860 402 945 776 545 463 155 160 107 376 108 367 449 420 234 29 370 378 894 69 410 683 456 236 588 177 783 147 216 742 533 925 223 64 179 29 645 76 625 314 477 440 552 428 99 749 372 348 750 125 524 175 205 121 483 244 204 222 268 
134 639 401 506 35 950 769 254 926 913 708 916 218 878 20 232 504 401 891 997 115 195 917 6 834 238 318 281 477 679 172 920 356 149 509 618 813 714 156 210 236 704 496 118 103 429 645 683 179 98 503 102 705 0 436 566 565 140 106 472 649 141 210 307 765 387 339 622 426 594 641 455 231 391 735 998 395 427 922 808 4 262 400 432 152 798 138 491 393 799 246 202 54 285 600 366 513 552 17 719 
467 847 952 693 918 145 417 3 564 271 771 809 500 918 95 177 534 164 21 204 79 129 961 62 414 752 150 95 791 565 905 323 112 65 898 997 811 852 462 103 508 306 889 485 459 186 258 211 891 779 935 659 884 295 635 324 263 53 981 95 225 441 523 836 657 87 62 269 156 728 719 177 937 516 51 236 177 905 491 156 313 34 735 175 275 260 812 12 258 877 756 31 477 381 549 569 285 786 108 479 
170 246 195 89 987 988 577 526 149 476 857 854 543 658 358 672 987 542 733 830 478 783 683 933 180 681 361 353 766 513 245 193 109 902 131 919 844 523 331 651 377 786 45 288 908 323 515 366 27 845 333 698 285 740 819 667 469 124 798 166 522 493 224 349 197 215 622 963 882 24 258 275 899 516 974 497 625 804 534 841 604 738 941 520 229 892 995 392 218 287 325 503 562 357 109 641 626 730 996 429 
295 572 77 126 420 137 724 899 30 54 215 745 662 509 348 648 447 718 819 635 34 233 869 540 782 610 277 671 627 478 509 45 393 118 357 764 452 610 536 429 579 432 743 95 417 237 274 882 195 642 515 526 796 355 518 669 430 932 415 102 401 588 578 219 145 23 672 350 474 687 113 703 311 171 541 433 821 258 831 238 849 497 316 256 585 532 56 498 873 642 219 430 116 908 546 344 334 823 680 874 
704 143 319 553 692 678 649 208 793 470 364 716 137 987 534 849 753 669 196 851 368 700 1 982 980 309 222 490 402 157 581 393 92 779 178 27 232 466 580 165 526 254 376 229 442 456 255 929 619 461 809 232 523 244 850 688 401 455 36 946 371 609 885 332 863 650 715 157 868 759 997 646 948 21 763 975 965 190 417 184 545 93 232 897 298 511 397 307 58 36 654 753 690 100 650 177 209 605 41 120 
120 884 804 61 723 737 886 532 562 816 963 670 553 309 960 782 773 688 587 664 368 761 900 93 87 30 244 786 58 283 268 610 163 577 218 184 251 858 568 226 209 668 686 739 244 108 649 808 452 61 443 949 483 601 524 672 482 366 113 542 609 813 901 772 991 215 534 89 667 865 489 371 698 418 384 647 650 283 419 341 118 630 997 187 523 545 440 640 146 21 947 732 32 578 139 967 250 350 824 983 
