149 30 562 190 12 452 707 642 75 113 551 967 980 964 129 698 648 148 23 63 705 315 818 406 229 59 111 233 173 405 241 138 303 648 626 890 185 255 79 645 559 439 252 716 830 575 264 938 754 680 810 60 365 439 36 283 377 456 871 364 416 213 712 122 242 504 913 665 903 726 3 102 877 588 194 374 884 382 601 196 168 973 32 591 295 225 995 611 388 992 637 598 683 246 13 406 885 709 120 386 
974 166 759 830 542 449 674 99 405 946 188 286 795 885 81 440 943 682 398 238 373 916 88 857 333 383 160 528 282 864 101 373 560 522 707 710 338 166 451 877 83 698 82 698 971 757 278 303 412 458 494 76 486 35 833 44 79 912 554 551 823 593 411 698 172 376 984 988 249 906 213 299 652 247 954 678 304 263 405 556 928 608 841 173 845 646 103 47 290 994 834 212 101 543 295 113 977 488 572 210 
298 861 576 477 809 840 716 612 369 795 641 95 297 293 314 641 75 69 898 201 148 965 721 541 444 922 859 354 496 491 466 519 711 481 85 738 530 366 361 179 248 73 855 728 984 384 790 888 304 647 75 756 725 32 477 403 916 891 742 605 833 425 735 427 214 3 211 556 215 657 960 195 291 767 81 15 573 858 767 459 859 284 952 247 215 580 449 494 621 706 672 499 516 737 765 973 808 230 355 458 
847 112 361 771 51 648 582 196 463 99 284 728 110 605 12 122 160 633 754 111 94 110 842 418 656 748 715 335 693 144 844 116 299 843 956 853 584 202 478 728 480 898 621 136 623 26 196 45 761 318 594 380 144 104 139 891 487 953 826 984 573 593 702 187 563 604 986 752 449 478 890 49 30 687 211 956 7 522 842 665 34 243 944 263 83 247 612 735 591 489 881 528 655 378 345 5 215 16 698 612 
176 779 561 49 642 308 725 826 302 790 981 308 651 121 860 86 191 124 3 676 209 132 976 871 885 627 422 195 255 882 421 105 563 433 467 294 732 238 147 452 356 317 341 287 636 536 943 939 20 39 450 892 165 833 751 749 709 723 972 989 731 872 794 343 147 562 209 874 68 600 774 137 448 384 43 131 364 247 103 580 553 391 321 77 171 880 159 267 544 539 731 676 114 66 233 663 664 4 850 787 
770 919 981 480 132 527 670 278 869 959 31 299 584 301 374 609 290 274 463 823 309 42 364 686 461 721 234 71 658 927 614 251 613 134 152 219 462 305 198 457 765 175 260 983 871 448 299 775 707 655 472 954 430 385 694 437 484 965 606 872 640 524 958 233 958 51 519 153 231 302 604 773 788 880 104 120 911 233 15 919 726 766 768 493 529 815 9 327 943 565 164 203 324 475 425 613 285 422 91 914 
431 128 951 385 332 929 186 30 935 151 531 760 539 64 321 870 807 837 990 670 789 698 572 798 460 251 95 487 962 105 419 734 861 412 303 60 836 819 443 865 449 419 390 540 154 341 803 582 592 211 780 297 560 715 39 995 537 580 368 471 708 361 904 909 523 581 117 624 163 454 586 609 923 44 224 178 2 331 36 262 324 720 683 183 142 305 84 424 778 520 181 557 597 632 489 335 919 544 544 44 
762 377 175 310 567 59 897 42 333 645 86 837 339 940 932 826 312 635 3 855 913 76 557 257 123 462 358 508 290 240 432 40 737 309 546 152 859 752 434 21 817 65 329 66 12 704 454 401 966 442 941 583 868 587 521 531 831 571 615 220 612 931 22 244 776 305 348 383 247 970 554 145 943 480 987 79 689 636 337 300 352 406 49 39 844 107 720 787 153 85 301 400 132 601 480 808 686 902 540 84 
149 50 138 431 319 489 526 67 752 384 133 131 837 846 327 953 313 788 34 881 177 7 607 38 836 28 209 564 397 203 858 397 555 119 760 647 976 261 25 54 17 314 19 950 678 490 552 188 947 735 967 190 806 511 197 423 138 241 998 792 723 793 887 603 355 330 158 938 996 443 805 664 574 661 402 797 483 708 810 904 922 380 256 232 601 878 120 748 799 834 569 524 297 823 986 279 475 90 764 502 
345 20 569 353 14 839 83 160 444 737 736 93 149 874 796 281 939 99 663 499 475 119 569 472 943 927 59 831 347 600 936 917 648 919 261 641 128 361 556 976 945 764 39 347 278 466 643 287 386 271 194 766 630 504 342 796 532 534 859 805 373 316 964 277 345 173 905 184 749 226 784 931 418 843 977 626 995 587 550 724 326 129 162 468 695 348 161 641 362 326 145 272 456 485 832 128 531 758 70 166 
677 690 580 858 182 438 349 650 421 766 964 438 497 586 22 588 840 339 457 133 775 87 525 903 467 379 146 692 888 753 635 907 216 803 994 110 446 654 267 812 947 18 725 799 57 961 310 480 967 654 126 546 308 472 616 508 319 527 516 947 214 183 560 24 637 171 1 485 538 235 156 262 471 152 137 622 983 447 107 327 253 493 457 438 313 314 113 654 356 481 173 316 966 943 46 499 718 122 969 465 
602 868 983 289 87 232 433 939 139 876 572 145 841 847 433 283 30 621 792 45 962 352 582 903 184 570 676 613 505 777 499 281 437 578 260 14 164 345 5 230 277 255 641 246 149 965 734 999 50 736 669 217 256 973 598 332 260 7 507 783 479 279 349 612 733 564 348 851 574 139 171 191 965 232 562 614 23 654 433 28 622 715 377 2 327 968 237 371 9 607 977 488 928 797 674 820 224 203 614 586 
157 984 181 734 426 97 896 993 353 443 65 489 43 719 91 368 768 520 516 76 297 130 536 271 571 291 623 784 607 974 506 370 257 805 514 451 5 543 514 727 529 187 326 414 567 316 996 347 673 301 73 879 410 671 943 278 170 440 206 528 858 534 17 114 953 21 274 222 398 677 65 528 143 463 609 891 730 481 123 572 874 473 478 732 221 574 271 20 219 253 662 364 609 179 450 868 62 374 494 535 
653 473 507 173 293 407 232 384 726 599 584 969 941 57 763 35 489 753 135 304 415 993 624 980 379 844 653 743 904 328 901 934 474 547 650 268 346 410 910 877 633 926 963 603 176 799 119 405 328 525 695 772 494 949 723 584 273 641 787 987 303 908 920 108 148 228 542 22 637 889 352 34 348 124 229 835 389 931 666 368 200 157 728 199 392 665 911 832 283 788 554 608 51 394 901 727 85 180 845 708 
239 51 128 735 655 268 357 391 122 781 452 509 995 15 480 121 852 476 676 828 985 674 509 750 443 89 590 680 347 474 465 196 728 129 37 76 762 300 635 65 192 164 222 21 647 643 50 746 283 742 363 660 611 102 441 621 512 554 427 72 815 359 922 960 416 842 39 601 389 877 200 247 846 920 879 383 516 458 611 42 133 849 779 97 745 510 224 797 26 676 314 454 25 954 510 535 118 703 23 839 
447 222 427 395 374 146 23 986 548 52 581 882 586 202 660 889 322 978 577 150 25 832 781 593 96 556 71 288 619 15 804 996 970 504 772 332 798 498 415 976 806 888 223 896 794 700 671 6 935 227 460 152 517 885 588 707 37 564 525 957 976 339 126 34 804 762 771 946 111 887 741 176 473 606 345 853 181 564 635 94 992 153 914 876 245 796 885 763 977 323 566 573 211 491 430 591 685 749 737 956 
345 250 924 857 622 488 68 122 674 509 840 787 325 523 58 224 227 245 290 873 394 49 972 536 620 614 83 293 7 784 294 452 196 546 505 813 909 684 823 597 634 37 967 931 581 50 20 398 677 703 810 668 888 133 62 310 933 573 613 675 745 364 608 49 935 760 958 747 877 522 818 80 461 908 159 824 66 13 777 500 84 666 150 462 949 304 469 727 452 23 245 24 458 929 929 267 36 131 986 811 
192 971 574 897 59 675 720 977 666 173 312 164 672 656 941 550 647 769 367 147 914 877 130 846 899 486 280 154 937 692 150 677 868 406 690 514 764 146 883 350 158 393 457 156 168 214 511 677 712 73 247 66 560 375 580 860 868 756 533 127 887 267 9 929 42 845 542 921 719 920 575 654 438 946 589 6 270 143 348 33 454 935 138 812 363 476 371 930 589 330 801 432 334 167 515 136 970 941 587 480 
37 854 652 515 754 744 627 681 176 801 637 795 306 484 154 778 342 164 672 976 101 441 811 150 461 729 548 312 28 528 56 918 798 827 362 772 473 106 803 141 823 268 953 819 587 487 182 954 175 984 114 62 102 264 300 962 958 848 685 690 712 542 261 491 354 512 186 17 84 528 894 482 419 953 104 714 971 817 422 165 352 736 490 4 638 312 82 842 247 909 429 950 637 862 58 823 793 605 763 523 
963 844 755 632 603 520 59 534 16 826 387 68 327 475 287 530 110 40 55 135 25 87 444 757 772 473 848 370 170 521 894 776 70 827 250 583 825 888 945 16 99 433 900 149 293 282 153 120 574 778 355 786 188 583 91 989 205 71 878 420 583 540 73 713 253 896 859 695 499 2 818 881 20 39 329 266 945 564 664 471 669 259 964 34 903 85 425 440 912 687 869 93 326 127 262 254 712 105 71 624 
242 365 967 831 163 611 819 338 949 682 861 189 157 397 412 486 76 376 894 189 221 529 692 109 968 74 277 536 534 918 685 162 246 202 303 252 799 62 129 580 239 556 407 403 684 440 306 584 577 424 643 691 43 447 459 20 45 196 164 605 160 440 581 629 367 296 202 743 554 944 27 882 488 129 198 922 483 347 263 63 783 295 511 924 484 926 594 443 596 30 133 263 382 951 648 482 732 224 433 352 
170 984 361 123 104 601 291 768 210 183 978 795 110 538 498 311 694 400 602 360 630 208 856 524 648 66 157 239 974 282 995 878 512 478 756 855 231 966 669 647 801 188 459 484 638 500 532 492 482 405 530 821 196 849 627 854 989 114 85 253 462 557 744 35 796 971 683 158 517 469 476 550 151 473 259 898 254 779 6 19 7 117 202 472 308 329 208 932 95 62 790 709 297 930 304 286 893 343 623 712 
345 921 89 844 205 94 240 869 280 999 935 732 319 655 59 27 718 817 287 885 700 215 410 158 322 304 924 543 261 881 135 797 836 848 507 419 796 444 45 901 842 577 800 383 280 11 12 796 916 273 246 291 733 356 624 447 880 72 779 166 474 514 323 525 382 570 194 74 410 859 927 722 501 417 8 940 179 50 125 461 660 144 95 245 706 374 425 794 818 953 510 732 997 881 371 72 575 968 774 897 
351 314 616 732 857 518 895 355 656 348 935 229 912 671 305 987 251 565 116 478 185 388 148 31 878 423 240 215 511 410 568 584 813 194 223 627 709 296 725 492 935 816 56 676 902 885 813 277 583 632 313 379 69 608 189 304 52 292 433 328 557 287 823 887 338 986 868 472 899 801 459 735 895 543 955 441 599 539 177 19 111 151 409 440 758 406 521 543 809 279 70 852 51 15 948 702 359 123 752 857 
697 262 680 149 538 792 565 302 242 480 424 637 523 876 875 975 580 526 729 653 859 816 512 828 831 804 46 677 660 909 82 512 184 10 972 12 446 164 208 330 737 742 967 3 467 428 495 359 62 39 860 520 195 976 198 126 938 115 149 141 913 823 682 995 872 91 312 54 324 203 211 661 794 986 456 670 871 378 61 800 238 274 586 482 233 775 880 220 451 439 985 404 142 986 153 932 312 345 603 217 
300 92 215 336 862 294 930 172 87 628 982 107 410 350 44 857 741 797 87 877 188 286 675 227 722 621 638 778 26 405 445 199 782 655 170 153 357 74 125 262 818 794 905 918 315 876 297 415 375 104 194 232 699 960 802 355 687 433 593 124 36 391 367 839 369 893 111 49 967 293 706 909 353 829 863 706 728 251 569 371 606 99 353 255 505 254 110 442 883 693 555 92 567 982 56 728 478 142 307 792 
579 104 496 759 172 629 358 543 163 668 781 925 563 124 261 745 166 520 272 666 582 618 834 169 651 347 896 676 181 449 880 983 123 986 15 214 803 729 512 334 866 807 779 956 262 163 461 102 442 133 423 881 642 831 289 907 288 445 200 170 902 735 29 516 725 212 480 585 661 306 221 277 54 139 342 98 767 305 737 790 365 422 323 393 270 61 621 226 678 29 206 682 649 327 194 193 18 774 266 703 
284 175 923 478 983 929 171 662 334 582 257 105 166 346 197 489 329 212 544 110 828 339 85 132 621 426 432 340 674 991 909 546 94 329 908 567 109 160 900 944 266 433 430 711 886 818 196 904 268 595 617 607 947 406 698 424 300 176 38 655 28 904 178 609 100 631 472 778 159 145 856 920 60 403 975 336 229 773 168 360 191 395 409 901 747 518 71 910 356 56 692 664 458 112 231 68 430 354 989 478 
599 683 760 551 28 211 229 540 475 476 585 256 18 971 334 472 444 292 387 622 278 27 314 497 74 240 159 315 100 178 149 26 91 135 794 243 602 986 230 716 568 375 920 208 92 324 586 169 453 528 62 113 210 616 905 809 725 399 743 958 245 422 647 224 876 116 840 157 334 728 172 390 259 549 268 584 807 325 437 134 0 889 673 77 879 64 9 160 995 30 697 821 586 278 564 863 858 963 634 829 
663 844 255 84 733 495 190 896 745 791 933 881 739 992 187 499 903 714 248 406 740 524 892 176 731 884 451 639 980 644 678 852 383 151 453 756 215 572 637 408 307 873 204 752 599 780 805 508 248 319 24 3 783 138 664 743 408 13 708 544 388 542 102 960 636 872 128 128 894 93 793 601 13 204 154 925 244 686 117 214 3 38 48 239 917 80 510 994 465 316 47 938 264 138 962 875 223 335 112 286 
469 697 234 401 38 752 765 406 74 934 181 715 144 440 112 2 975 581 317 314 102 847 957 477 993 167 544 531 527 46 83 152 603 281 233 185 144 660 335 269 760 3 445 785 998 733 17 476 755 202 742 605 406 70 5 186 231 854 994 82 54 683 35 708 999 228 221 82 209 945 168 489 175 166 819 418 15 996 410 750 561 990 295 684 818 858 72 919 138 751 688 127 194 30 735 844 794 252 94 362 
234 798 182 801 463 182 377 589 225 486 716 902 667 250 186 584 130 955 276 597 305 896 928 713 924 48 32 439 164 550 141 587 339 820 539 311 504 908 118 186 85 866 669 453 615 845 319 320 790 512 891 509 366 356 180 874 876 569 549 277 21 348 345 459 764 715 782 490 146 151 739 616 403 673 319 684 918 896 524 355 829 90 661 5 687 985 835 857 34 600 758 206 477 430 618 204 100 362 928 570 
509 512 327 201 803 618 26 241 592 547 795 603 169 888 408 39 373 128 982 590 966 789 140 138 451 67 569 957 597 49 608 687 448 150 970 12 100 518 692 606 389 197 819 727 80 515 806 625 32 224 868 753 431 426 253 121 296 556 197 838 549 937 230 41 788 178 612 569 928 133 999 321 333 807 213 534 723 218 535 381 7 898 205 938 470 204 739 267 636 985 502 182 445 362 746 897 161 804 430 73 
805 862 243 300 879 592 752 122 842 886 817 521 843 101 329 257 547 230 710 985 599 697 804 775 588 299 189 653 95 723 991 706 372 745 726 286 292 24 444 730 837 815 958 327 661 810 577 967 478 710 429 817 513 828 728 616 940 597 902 238 694 424 560 637 620 696 66 87 269 137 154 350 691 708 341 910 11 257 908 842 199 796 400 140 745 3 217 153 275 47 237 948 261 114 327 946 895 568 958 110 
543 449 744 422 509 141 591 750 949 929 746 571 997 281 207 627 632 174 216 818 794 314 163 680 605 866 182 234 731 860 107 597 821 272 705 603 51 636 947 623 37 874 140 363 818 597 979 84 246 12 828 492 281 702 655 624 502 935 405 243 178 938 64 387 310 943 986 763 661 46 657 673 802 165 905 568 420 583 155 385 931 750 85 269 640 922 1 342 536 138 506 7 242 578 925 384 953 822 701 455 
35 942 49 108 275 594 714 292 220 952 487 232 463 107 179 462 895 95 570 224 187 851 623 932 979 733 330 93 663 524 425 215 525 994 764 736 761 48 933 853 986 359 272 163 426 132 535 64 421 748 505 728 510 169 124 948 871 459 464 848 160 458 358 796 834 282 985 197 764 904 396 253 837 797 117 545 371 361 432 585 20 745 262 909 531 980 999 197 213 755 126 818 828 55 701 164 251 527 441 732 
59 794 326 243 550 737 406 881 587 585 150 914 538 432 610 423 240 429 474 969 724 725 821 539 858 4 741 969 256 161 170 875 624 141 876 486 486 452 139 437 98 389 362 996 480 255 628 990 134 988 164 839 405 651 203 308 876 784 534 609 609 415 526 531 241 161 661 632 123 462 789 612 432 148 435 918 933 70 940 929 212 848 382 63 984 218 170 91 312 132 761 398 261 234 405 437 359 559 457 312 
597 622 211 638 620 494 129 983 411 374 714 394 212 994 135 113 468 989 466 386 263 344 333 167 982 201 13 159 234 831 969 70 94 965 270 579 664 85 205 17 240 71 431 369 604 666 823 141 523 930 841 55 401 667 18 891 426 541 872 99 90 496 827 970 220 626 141 795 66 831 278 219 637 472 882 436 365 663 543 283 163 417 665 28 597 213 816 836 370 117 278 256 655 99 825 988 169 454 312 550 
835 204 428 309 938 993 172 476 207 41 853 427 293 467 545 600 925 48 424 641 942 202 373 693 88 207 755 84 555 400 583 637 179 165 199 455 831 764 947 505 578 346 939 837 401 736 170 594 799 793 394 466 926 476 79 844 894 645 496 667 275 825 299 750 346 234 224 272 123 783 402 603 430 215 449 65 631 287 75 740 532 331 44 687 921 258 859 204 473 797 160 359 648 496 347 578 551 418 670 595 
512 154 38 915 682 242 190 344 711 593 268 293 476 332 552 592 416 508 258 333 801 766 555 769 348 590 927 714 515 285 562 469 276 462 441 487 295 347 666 352 256 997 142 645 718 956 325 221 19 364 131 927 518 984 882 186 933 155 320 580 694 125 619 927 352 858 434 361 429 170 77 987 3 20 328 484 316 924 163 294 458 63 342 210 303 372 268 344 316 878 813 666 280 551 257 145 260 975 225 247 
748 446 248 127 272 822 306 98 132 980 331 284 581 24 603 78 573 642 305 501 993 160 542 58 201 670 820 587 175 13 31 387 652 95 466 102 807 202 100 375 695 355 484 341 588 69 403 651 481 761 746 823 884 968 188 910 424 144 813 630 323 115 146 619 44 134 483 686 400 368 279 499 805 842 743 602 566 894 77 489 912 490 502 696 492 215 206 741 351 357 667 864 118 834 877 385 566 835 908 641 
498 169 490 559 766 720 154 116 188 372 738 912 261 613 949 719 211 452 900 366 884 22 46 867 793 593 373 724 360 725 347 406 207 93 389 169 386 598 391 681 782 247 272 609 655 169 624 475 247 640 351 507 200 571 471 661 236 457 332 204 539 589 267 404 909 571 481 778 904 35 894 83 260 438 417 634 725 222 758 462 769 611 182 643 211 763 693 720 919 434 993 529 718 306 897 45 413 140 581 971 
137 688 957 249 189 738 453 805 840 629 743 695 457 140 865 622 796 615 624 498 201 867 445 235 787 709 95 880 646 976 745 626 565 932 342 626 955 346 970 72 568 502 899 102 182 340 648 892 341 630 105 133 796 812 247 922 64 421 876 981 122 430 646 457 708 937 504 344 364 871 338 989 53 744 11 595 402 266 556 965 964 873 902 280 302 198 111 790 142 859 489 100 239 262 499 310 54 892 524 746 
41 560 237 402 102 748 254 302 459 615 996 953 58 663 482 971 672 57 221 871 885 695 341 973 286 105 64 563 362 15 713 392 498 70 193 761 565 233 733 799 282 722 849 33 215 881 466 526 209 900 610 797 357 392 0 785 135 999 646 191 361 546 775 58 135 161 744 113 24 408 782 110 223 332 841 747 298 127 944 945 875 344 853 265 894 671 730 934 10 391 396 538 515 749 646 968 935 72 737 338 
264 737 595 244 914 829 14 704 909 560 627 908 980 644 70 801 31 507 260 269 327 602 706 476 792 910 887 562 771 379 333 380 877 243 596 423 946 4 184 113 382 829 692 615 189 465 230 302 577 205 405 855 13 359 585 548 664 808 521 728 867 68 235 783 654 206 136 320 728 289 477 476 22 677 241 946 518 879 308 729 613 788 517 970 957 567 47 292 570 81 965 106 567 528 995 691 893 932 959 56 
788 525 335 971 941 265 77 229 407 597 592 872 880 73 805 879 631 769 958 380 224 785 866 16 103 794 174 312 624 514 273 501 542 424 278 996 451 384 389 776 880 740 683 125 701 668 708 991 91 614 190 82 536 306 264 227 59 72 874 222 616 539 215 673 222 873 64 393 831 11 67 348 312 299 260 711 594 436 522 1 817 694 462 967 459 585 895 489 370 674 49 525 909 148 311 875 20 401 71 761 
403 218 694 687 737 210 243 685 49 497 544 516 872 240 270 203 376 753 656 771 861 857 195 461 743 976 324 554 639 944 450 67 685 796 14 451 1 515 937 937 592 533 997 130 673 125 422 558 249 31 906 722 476 981 583 335 397 213 171 680 976 77 666 881 6 97 700 814 609 660 885 186 488 709 961 882 60 860 271 865 700 134 397 973 511 581 333 817 353 539 702 132 279 248 726 834 590 194 887 634 
184 269 479 520 201 756 52 28 921 902 16 322 395 796 346 139 381 833 573 108 593 195 156 774 612 618 718 390 236 23 335 214 936 839 887 323 234 656 975 272 568 42 865 195 964 313 360 982 624 323 280 545 374 909 774 686 999 915 507 845 946 703 269 609 727 274 590 579 60 881 897 302 897 17 339 578 775 470 279 781 894 273 205 295 383 200 187 396 743 346 267 631 990 683 839 21 6 349 379 872 
656 0 451 254 691 435 37 633 470 75 799 31 736 315 644 821 118 613 955 648 805 456 256 708 73 899 896 937 877 552 359 850 732 301 124 480 319 311 335 191 423 727 385 374 742 722 509 957 273 947 566 634 265 964 738 637 475 78 909 525 260 709 409 530 968 863 404 548 805 302 922 307 212 283 356 969 464 638 185 134 50 563 437 530 323 999 824 576 139 740 352 633 962 49 489 222 86 22 939 474 
525 7 797 711 451 390 729 192 501 150 440 79 383 77 447 729 531 561 170 518 819 894 320 861 449 751 103 839 772 676 770 723 206 594 40 658 261 185 751 331 574 986 280 890 712 592 869 301 560 57 208 288 465 340 374 489 999 325 68 894 452 438 400 741 234 713 971 540 425 364 526 427 827 747 795 726 983 308 901 535 204 535 451 540 766 133 464 549 781 227 511 961 284 255 261 961 807 346 759 813 
305 646 390 198 220 209 152 347 338 611 209 704 373 989 490 532 450 658 776 753 83 554 336 986 700 557 482 728 782 653 883 997 459 239 304 117 601 788 760 113 427 978 849 526 100 512 157 582 677 482 886 262 776 274 528 975 102 336 814 600 367 203 600 212 720 912 995 104 170 771 409 681 704 148 339 171 768 843 901 612 646 270 65 986 926 530 846 770 161 537 241 891 889 436 245 946 352 689 279 992 
246 390 901 305 754 111 593 558 651 891 945 141 295 942 745 518 875 107 898 42 980 200 676 592 798 199 698 984 427 385 973 131 270 982 580 610 504 883 218 518 603 211 57 984 758 673 54 435 160 196 836 63 704 620 422 910 660 517 151 708 216 537 748 323 338 595 869 284 84 41 519 869 905 761 85 327 212 432 817 223 365 862 821 704 213 350 479 503 628 285 573 335 265 777 44 814 826 844 504 80 
588 880 727 874 653 373 422 953 568 210 481 660 498 345 629 135 891 965 312 10 278 272 11 914 852 224 926 302 69 289 997 116 153 258 234 549 831 57 771 174 708 487 494 665 150 524 42 891 321 834 7 287 770 957 825 859 226 254 617 234 221 900 941 578 883 284 593 822 775 458 613 206 14 73 696 141 803 919 926 340 129 581 887 102 615 157 920 116 139 36 341 737 784 515 471 248 618 864 354 605 
708 866 275 561 376 262 856 210 287 459 456 914 137 853 661 511 983 400 511 531 846 530 179 925 687 382 267 512 702 390 696 490 207 977 861 583 648 374 670 207 323 712 584 414 210 90 971 946 624 549 822 482 341 183 442 821 442 158 321 281 214 350 720 357 736 127 19 217 191 522 760 916 446 653 343 702 643 757 920 359 179 644 462 944 118 4 602 969 145 370 938 138 739 646 996 462 343 59 246 237 
868 74 216 337 386 667 76 707 774 38 772 919 407 134 45 261 874 488 59 361 83 492 734 661 829 817 483 814 964 157 45 788 281 189 517 918 917 241 368 30 674 980 720 704 654 107 734 841 113 156 142 901 361 97 867 97 308 349 605 867 655 214 0 775 764 283 840 859 240 808 953 493 150 48 883 779 918 59 766 156 3 88 106 13 436 171 43 990 968 755 947 62 591 894 8 4 158 798 287 504 
139 440 41 825 211 337 310 193 785 588 927 46 287 619 672 569 185 106 277 180 104 874 788 520 301 804 740 117 503 195 124 486 750 848 456 587 441 896 975 672 493 9 312 183 374 109 182 122 75 702 898 179 517 34 800 343 665 657 716 280 647 733 79 579 865 384 28 170 855 565 320 930 866 736 330 535 713 407 447 206 921 397 776 27 207 821 120 317 987 108 697 567 637 154 39 312 395 810 671 261 
743 207 408 357 618 593 395 742 253 689 432 342 426 506 866 597 214 377 811 745 386 918 58 345 26 530 820 662 302 59 72 454 591 711 768 99 812 582 541 668 381 618 339 963 183 283 125 895 546 334 865 842 871 254 719 349 335 654 934 51 504 406 536 868 928 756 623 211 863 572 576 618 288 651 223 251 600 89 131 458 715 885 435 274 803 461 609 845 122 110 286 889 738 833 606 759 482 511 821 269 
612 78 619 654 597 268 604 72 741 227 699 423 200 710 368 456 428 755 271 232 147 273 11 798 859 428 674 911 789 167 443 761 715 17 566 977 741 204 699 273 22 105 493 60 754 48 440 20 346 991 25 510 444 8 405 316 77 688 141 476 48 245 728 158 716 720 393 852 584 987 114 149 746 309 722 403 865 627 355 510 279 969 967 207 779 970 388 498 22 285 21 206 501 984 844 382 510 153 157 373 
30 634 692 214 34 829 137 618 221 737 514 454 833 595 810 987 122 608 417 79 375 762 573 685 354 417 887 337 882 924 152 470 415 257 126 195 430 761 570 707 85 383 708 132 434 178 41 810 247 857 36 13 240 303 666 793 88 832 882 605 201 586 61 438 650 151 882 500 830 146 630 732 619 672 962 200 696 209 925 5 362 446 19 467 305 270 950 546 383 308 548 987 256 259 801 868 312 709 279 825 
714 895 235 127 325 658 922 370 516 510 340 498 485 895 536 57 377 660 848 256 958 718 534 35 658 542 606 722 17 42 334 474 217 98 388 851 836 957 935 730 981 385 640 978 63 443 218 615 386 348 632 372 503 421 878 445 134 372 555 255 349 591 294 39 596 944 94 536 128 210 574 889 765 475 329 806 815 659 858 957 914 148 119 100 672 802 854 202 299 628 737 627 396 515 263 24 924 571 211 806 
376 849 273 901 658 596 381 636 198 366 942 811 826 748 668 322 162 36 126 664 658 295 319 990 981 535 809 453 462 219 138 957 726 257 927 504 573 203 622 958 404 645 352 426 946 709 951 676 869 324 820 481 763 301 13 936 434 627 197 494 525 840 52 45 592 683 360 184 774 393 188 626 360 367 968 960 145 303 953 940 960 122 458 211 358 445 611 49 49 790 850 68 80 952 976 30 663 326 325 111 
645 437 221 258 36 429 756 558 953 905 201 721 341 445 256 400 3 935 914 817 395 49 352 541 446 790 710 400 523 947 501 435 993 480 947 909 830 751 687 813 16 532 535 690 650 29 356 39 377 620 801 257 8 219 752 498 832 224 598 780 868 329 496 526 908 73 437 163 415 740 886 67 567 375 572 353 496 171 600 567 586 756 465 287 695 605 25 740 30 231 601 856 289 513 382 663 132 409 236 667 
199 132 643 810 494 35 774 581 295 423 987 946 780 238 408 356 697 838 307 514 488 730 150 613 187 563 88 878 66 856 271 207 94 152 476 48 501 983 384 310 895 128 446 279 0 603 144 281 63 503 663 515 238 513 293 940 395 102 542 419 158 653 710 630 212 584 764 703 483 564 719 308 647 655 368 422 941 563 801 940 575 744 852 193 431 318 855 787 551 474 62 982 511 449 569 848 472 163 112 446 
618 602 877 943 409 860 1 911 349 700 513 815 449 264 330 675 876 447 971 172 727 817 898 479 583 763 409 909 995 722 290 397 272 488 265 415 539 926 361 266 390 777 266 985 711 720 178 72 197 684 89 942 269 824 529 270 484 60 565 158 637 349 529 123 398 559 604 756 598 757 89 455 817 656 284 57 584 95 707 410 906 918 434 80 23 914 523 931 375 443 222 537 758 619 918 178 299 790 924 830 
954 51 288 430 38 914 405 313 563 630 621 0 635 444 77 100 806 61 217 254 608 121 107 823 222 668 312 793 937 798 803 102 638 61 687 824 277 694 247 560 881 820 856 530 135 200 866 649 938 497 570 247 583 245 492 624 396 657 423 184 854 606 129 866 724 997 245 483 646 621 505 670 738 722 973 976 279 527 961 671 707 479 7 135 891 609 425 149 82 234 427 783 483 111 564 484 786 163 82 8 
912 422 884 187 605 111 227 459 292 179 67 710 441 287 342 52 405 642 339 668 118 374 197 703 608 385 622 914 601 583 246 144 660 466 935 415 924 860 339 617 283 548 735 142 435 992 625 424 189 418 137 591 849 6 996 806 901 675 591 486 217 840 250 385 594 64 986 258 405 793 883 3 951 898 990 943 955 155 528 817 123 185 571 84 818 154 785 637 850 797 69 822 418 774 229 213 306 865 213 988 
961 293 205 921 879 435 239 921 535 895 417 553 511 62 938 453 611 328 450 724 134 281 970 380 723 482 783 250 276 461 33 173 544 537 273 356 538 242 666 716 448 821 894 398 705 578 844 833 242 67 577 508 251 292 750 215 389 620 672 642 31 315 709 749 74 420 981 506 217 805 999 800 469 100 647 570 480 901 212 424 768 161 910 715 583 873 407 750 944 99 353 980 292 836 817 717 439 399 691 557 
628 253 279 478 576 157 130 500 429 374 967 561 213 731 887 219 867 6 791 939 884 856 978 536 595 767 942 675 566 721 155 371 67 353 625 884 551 672 657 372 336 213 655 342 873 616 342 643 958 11 757 101 209 850 321 565 132 797 283 56 584 355 819 566 950 281 397 292 843 884 539 514 265 43 595 766 12 449 339 58 834 921 242 388 119 298 160 541 911 253 817 125 661 61 597 901 812 159 340 732 
708 521 945 774 704 360 420 129 629 653 332 218 357 872 725 784 621 975 894 151 364 336 526 208 397 926 257 423 310 905 205 374 370 873 42 912 492 371 769 95 229 373 243 394 744 175 998 105 692 146 620 531 738 422 548 539 431 222 797 326 220 687 288 448 21 714 622 440 590 621 434 857 52 848 615 538 795 14 397 536 276 867 128 265 706 294 490 109 141 551 147 553 670 242 734 556 660 612 173 782 
310 597 911 277 610 39 993 49 966 983 571 555 821 217 373 922 756 840 809 46 869 302 162 264 676 17 462 825 952 392 648 650 852 124 313 980 615 930 776 545 832 79 479 243 46 301 232 516 264 126 736 773 464 822 859 531 605 566 936 287 601 437 390 132 768 506 295 190 282 832 364 626 323 481 857 512 873 478 51 48 957 389 583 84 510 549 180 714 946 382 468 502 279 620 903 69 497 614 57 36 
565 9 549 106 253 931 58 875 724 901 797 199 989 208 207 602 631 411 536 549 308 299 379 165 930 605 692 283 65 800 112 868 454 55 284 946 487 885 673 906 296 745 670 863 790 869 774 783 346 593 724 292 648 93 300 502 233 311 884 512 150 986 747 480 374 280 752 394 617 208 606 783 485 211 263 154 985 764 231 915 521 607 242 648 585 180 712 641 69 219 303 242 17 801 866 422 788 92 530 146 
746 100 610 280 459 987 631 934 14 694 367 350 218 452 281 999 318 614 334 468 358 528 934 643 49 752 382 616 594 852 888 43 172 472 212 471 121 88 990 445 204 635 520 577 702 385 193 250 934 630 502 776 988 999 992 97 288 212 750 581 726 247 260 979 773 341 484 563 344 786 717 445 5 666 33 146 44 221 259 218 106 794 560 421 583 415 549 974 588 504 42 901 857 454 774 764 550 898 579 60 
505 75 651 912 751 43 866 906 286 801 454 701 394 155 933 324 806 817 678 89 694 586 803 759 163 673 484 884 855 976 192 66 17 808 792 269 595 432 988 610 434 684 146 181 478 96 356 235 523 37 842 706 470 58 959 405 20 895 144 117 696 46 795 516 963 564 68 852 577 367 982 304 537 759 936 889 926 409 573 811 332 162 433 305 668 393 681 454 76 369 130 613 664 757 476 948 230 173 872 53 
393 792 904 637 611 170 815 504 121 832 945 469 338 73 539 117 624 7 750 818 714 902 584 814 241 861 332 730 905 795 987 640 554 292 195 554 640 852 471 156 104 434 839 223 149 137 409 752 793 187 192 777 823 791 740 839 257 285 770 524 813 311 126 133 694 394 534 902 880 229 521 188 35 234 703 227 340 51 986 874 752 862 878 676 27 587 829 488 665 366 279 899 586 161 464 268 867 964 681 824 
322 751 739 160 890 350 298 392 761 230 911 521 966 904 224 993 918 171 708 313 536 79 353 719 520 40 801 229 410 39 477 530 464 191 136 616 837 614 391 534 994 883 215 22 248 287 959 201 128 911 464 314 64 273 571 680 951 436 937 648 618 69 537 131 0 280 573 244 91 963 366 532 592 777 626 849 537 630 586 212 720 966 577 707 791 971 586 311 414 95 297 142 69 142 789 499 434 72 148 252 
61 205 615 564 611 401 32 227 120 491 458 467 799 217 455 156 919 606 832 274 254 14 768 773 761 985 705 642 704 879 884 296 436 627 611 941 842 35 322 826 172 303 701 468 438 407 971 541 462 482 284 763 247 524 630 822 816 735 70 632 17 270 966 248 325 86 601 807 119 750 471 535 454 137 989 625 978 233 156 958 92 310 998 568 441 671 628 786 168 168 747 141 316 837 272 660 963 149 450 602 
936 875 455 691 918 241 842 872 734 182 971 951 835 210 575 83 620 295 433 607 178 235 609 905 282 499 76 837 165 721 261 670 598 993 875 613 796 737 786 515 985 767 302 817 833 944 925 530 535 261 877 447 789 992 607 28 99 128 882 761 402 418 450 348 609 249 794 300 975 383 663 689 50 292 199 994 584 909 739 735 212 225 489 449 67 673 5 678 455 390 352 401 963 191 49 410 745 274 204 506 
465 651 928 594 218 316 710 444 470 684 318 49 945 98 956 901 194 915 611 624 469 275 312 406 560 704 563 393 749 29 26 894 160 814 742 29 281 423 969 805 228 946 440 728 927 281 430 146 243 464 546 928 839 959 50 407 489 959 343 434 870 426 106 112 5 392 648 396 999 223 346 935 249 322 496 92 693 269 688 906 638 776 473 791 691 483 244 251 166 897 53 35 860 936 223 791 135 472 966 158 
171 345 905 905 975 306 423 525 213 279 504 420 387 411 600 478 426 838 272 4 358 105 902 998 671 592 310 245 504 854 328 379 263 216 100 2 268 802 700 779 725 319 49 840 921 336 984 852 412 810 973 409 258 36 873 257 63 609 769 769 487 444 143 955 313 977 317 964 345 356 119 670 670 188 648 70 25 927 688 72 520 740 812 425 106 325 566 278 460 68 159 571 739 783 666 615 794 103 635 742 
774 917 248 846 296 638 95 230 300 433 624 436 128 694 716 766 798 10 590 124 861 768 969 148 877 130 930 917 450 320 831 736 11 80 272 555 283 54 341 584 535 278 945 303 346 64 773 287 350 3 864 994 699 302 149 138 565 75 278 22 761 380 840 98 863 842 382 646 583 4 802 685 341 525 186 864 23 961 768 132 129 857 620 618 142 517 277 166 122 386 366 922 710 293 526 892 260 614 314 29 
883 847 751 995 213 647 123 145 743 58 411 357 624 300 635 323 166 822 393 840 990 472 394 442 250 624 913 934 16 906 653 449 376 272 227 731 766 987 612 769 594 283 577 467 444 699 763 37 179 345 463 681 423 149 107 236 69 431 258 720 532 174 990 483 454 918 127 790 969 66 590 424 167 355 831 484 314 63 407 288 92 541 617 727 870 872 96 794 895 330 208 194 96 515 533 73 317 218 577 514 
678 276 768 934 255 482 439 577 317 575 972 132 323 355 447 932 827 738 961 971 656 657 108 821 115 897 731 229 365 932 867 1 333 952 403 883 690 666 824 666 420 524 252 761 790 522 703 230 214 18 383 918 552 307 692 743 583 231 111 790 965 3 212 794 262 766 61 528 504 464 570 120 942 374 46 431 845 35 299 7 534 857 352 389 214 968 698 785 914 534 281 195 295 472 989 116 680 335 393 883 
769 927 494 521 324 996 698 767 418 678 379 630 645 806 871 735 83 49 718 524 341 229 858 950 729 634 37 945 389 147 820 333 757 588 35 671 894 134 401 687 636 490 941 915 825 58 785 372 335 286 574 214 984 917 305 926 380 274 124 936 75 633 848 95 243 82 329 816 564 942 354 712 594 303 987 357 403 213 256 315 346 134 484 865 83 69 862 291 631 735 179 729 11 562 756 751 276 759 745 422 
902 977 605 195 429 206 140 974 899 46 451 414 531 378 896 164 997 566 81 349 836 386 825 412 892 645 904 183 336 531 738 400 523 210 211 854 477 79 25 693 880 670 155 348 508 289 112 14 672 696 827 932 849 82 78 289 232 467 429 333 711 799 764 413 4 710 75 939 114 57 353 426 572 140 391 398 395 932 438 769 242 850 507 8 496 8 186 112 197 20 546 51 121 523 207 271 201 496 645 833 
147 301 604 301 549 385 799 906 585 858 569 532 356 365 842 609 406 68 790 385 772 703 783 479 325 150 308 69 162 454 146 983 426 994 882 895 508 276 259 817 438 948 362 319 389 984 95 600 110 725 993 756 597 789 444 363 284 921 843 815 751 648 881 439 301 881 220 230 33 22 36 675 49 802 672 898 231 556 610 675 711 468 60 393 432 261 146 742 766 867 442 733 951 247 466 312 789 658 113 83 
60 542 865 321 252 347 211 717 728 104 275 899 512 504 413 144 157 904 585 792 203 741 435 263 171 363 62 546 482 116 217 142 108 325 98 729 917 232 923 208 778 61 987 633 323 138 174 842 235 981 463 753 67 623 77 61 100 979 371 221 171 767 117 616 122 107 96 404 117 896 145 483 699 963 793 835 918 161 927 997 19 861 102 697 797 848 320 231 847 256 180 177 922 684 92 855 630 191 834 987 
892 340 908 407 859 289 677 67 881 622 878 107 981 87 61 296 107 8 45 862 647 689 278 926 229 427 582 965 512 826 760 949 90 515 173 522 820 159 544 719 694 897 933 114 713 844 749 54 907 488 291 488 315 487 75 740 397 115 956 496 72 363 475 289 526 470 826 589 188 567 769 249 180 313 460 948 391 956 116 307 918 696 27 326 554 498 986 27 698 893 277 986 198 99 282 681 218 740 453 353 
765 678 576 480 58 526 217 216 382 654 428 223 523 295 683 881 189 441 275 492 140 625 537 882 361 969 869 324 220 118 566 236 397 303 733 532 625 449 662 509 335 43 493 803 380 742 853 31 396 444 447 205 466 734 889 152 690 550 933 18 325 956 299 880 357 655 785 892 609 18 410 869 554 170 893 645 183 517 521 410 239 45 621 71 694 204 948 675 433 290 248 394 293 861 558 907 964 825 892 650 
778 960 542 551 999 956 598 951 294 355 437 865 134 417 693 59 38 972 722 85 958 580 137 686 923 466 102 391 732 307 452 421 331 956 297 27 910 960 280 447 879 16 443 459 616 147 872 503 755 302 683 925 217 685 461 957 681 658 156 851 987 541 947 957 509 318 307 449 487 151 761 767 538 821 610 170 342 456 677 37 300 713 696 259 49 276 934 336 605 654 639 22 946 537 704 75 57 541 972 489 
209 673 339 605 913 810 171 493 320 211 404 427 635 214 88 295 415 666 507 317 936 622 95 626 177 12 523 957 149 681 549 731 749 5 926 187 378 582 53 372 214 450 430 739 990 908 348 761 395 574 980 693 882 57 69 62 672 560 821 316 1 588 757 975 363 339 976 176 279 762 344 431 504 85 442 868 799 620 659 66 421 129 466 160 458 711 960 714 934 181 557 0 335 827 709 774 659 741 187 996 
462 229 596 278 325 669 672 846 764 198 365 600 813 563 84 407 114 593 168 414 197 747 468 922 301 296 516 822 132 912 406 670 48 120 218 969 398 698 129 233 789 49 506 668 242 51 571 560 568 271 717 210 971 73 136 824 93 147 378 336 400 199 722 824 588 899 153 312 868 3 668 957 588 301 51 863 734 409 901 740 45 32 864 598 193 847 155 819 637 20 263 445 197 888 302 681 908 517 434 259 
692 897 921 10 72 179 127 151 967 94 668 204 201 261 488 59 383 398 965 548 598 882 996 795 844 603 626 993 102 950 556 282 185 259 368 520 888 91 558 22 974 970 240 39 268 293 165 519 948 462 548 554 143 421 400 948 317 681 414 649 467 199 711 302 850 146 730 375 957 308 865 410 138 4 759 164 909 25 704 123 418 950 666 908 410 422 155 678 175 330 307 135 571 288 483 149 470 790 574 367 
399 287 959 701 965 645 219 333 294 377 768 696 903 111 158 820 269 621 941 515 404 861 880 468 182 32 689 176 22 294 12 816 373 348 448 494 845 677 923 129 861 292 486 580 172 136 177 25 401 313 63 130 266 66 862 32 107 504 768 184 66 402 469 947 9 762 405 372 523 291 184 736 483 970 912 801 345 626 882 163 382 51 521 715 218 75 451 812 124 32 624 420 746 268 912 510 401 361 756 833 
95 855 393 402 840 405 32 61 894 52 817 634 364 178 777 141 68 189 233 622 511 502 322 347 630 217 854 859 454 234 200 892 313 842 254 510 579 842 525 586 178 527 767 742 698 527 921 498 440 355 264 576 517 61 389 647 637 684 653 944 736 261 518 477 513 668 783 207 318 324 464 511 679 339 594 87 242 257 272 857 149 923 982 152 894 875 977 447 40 274 679 551 623 577 264 732 918 852 5 770 
943 144 384 724 459 415 941 869 818 785 543 202 597 885 837 200 665 369 470 90 463 6 379 294 691 343 613 553 338 627 559 80 311 393 981 24 239 324 61 120 291 247 372 38 766 874 821 326 824 526 413 138 954 230 978 855 19 742 670 516 3 792 94 545 550 413 648 965 858 41 684 472 725 106 866 779 65 930 772 276 561 587 277 366 377 778 315 49 960 519 233 646 961 860 336 709 755 340 704 546 
974 183 921 854 687 619 286 58 254 500 76 393 645 47 463 998 715 587 702 988 298 138 800 949 150 215 792 949 528 568 861 983 897 773 660 96 251 993 58 27 908 905 124 549 276 963 298 242 609 1 68 615 857 854 27 650 857 648 579 935 203 742 831 940 829 708 798 791 455 765 837 447 796 408 925 520 158 110 38 219 284 771 884 12 429 715 497 422 25 823 291 476 621 608 183 66 784 828 614 668 
612 726 135 900 503 610 494 610 266 361 403 567 81 754 166 18 77 27 722 615 415 582 135 677 590 94 948 919 434 844 396 517 770 461 465 348 267 823 695 259 9 540 970 607 467 517 474 146 66 347 910 871 443 170 863 9 190 456 622 580 37 108 977 732 176 42 498 733 145 462 400 435 604 798 82 107 25 733 449 898 932 798 429 972 877 710 3 7 468 205 558 809 503 381 36 536 656 100 530 753 
616 119 98 242 465 8 707 820 226 250 274 451 715 753 576 920 604 728 932 809 978 645 339 583 330 831 261 216 928 523 626 478 978 491 748 849 280 137 742 712 359 787 678 277 887 615 879 234 866 392 34 382 6 569 477 92 900 498 421 198 521 457 473 38 949 986 926 22 171 338 778 433 136 240 699 912 728 806 952 809 557 47 539 758 577 329 645 210 718 364 362 433 699 835 455 704 298 115 753 594 
832 626 103 381 85 379 459 29 485 774 181 831 390 908 689 337 754 764 442 328 871 520 175 9 926 388 884 500 217 799 660 766 160 970 166 638 390 377 86 362 143 224 805 395 964 833 339 351 267 275 164 749 105 460 793 310 705 330 233 362 482 366 87 32 19 898 574 499 586 821 786 713 190 188 65 813 537 851 586 96 650 517 36 763 746 856 234 320 510 437 437 746 756 783 91 490 545 193 399 475 
330 932 81 480 82 649 824 381 180 636 373 468 873 171 209 337 779 486 985 623 315 974 361 20 824 658 503 602 378 432 874 296 630 345 35 433 546 152 410 843 852 500 956 195 478 172 995 959 540 67 687 867 833 229 492 536 55 776 699 362 125 214 926 137 382 562 22 867 48 264 311 391 866 931 831 605 673 17 403 28 949 425 450 300 744 817 86 862 239 793 368 897 899 396 643 158 602 263 964 214 
